ply
format ascii 1.0
comment ---
element vertex 980359
property float x
property float y
property float z
property uchar red
property uchar green
property uchar blue
end_header
-0.399000 -1.875000 0.015000 109 101 90
-0.405000 -1.885000 0.015000 109 101 90
-0.405000 -1.884643 0.045000 97 97 87
-0.399000 -1.875000 0.045000 97 97 87
-0.435000 -1.888000 0.045000 158 160 159
-0.435000 -1.885000 0.015000 157 159 158
-0.465000 -1.886538 0.045000 158 162 161
-0.465000 -1.888929 0.015000 160 164 163
-0.495000 -1.892143 0.045000 160 162 161
-0.495000 -1.888929 0.015000 160 162 161
-0.405000 -1.880806 0.075000 96 92 89
-0.400909 -1.875000 0.075000 96 92 89
-0.435000 -1.886111 0.075000 155 157 156
-0.465000 -1.886786 0.075000 156 160 159
-0.495000 -1.890556 0.075000 153 157 156
-0.405000 -1.882000 0.105000 98 94 85
-0.400227 -1.875000 0.105000 98 94 85
-0.435000 -1.885345 0.105000 147 151 150
-0.465000 -1.884643 0.105000 152 156 155
-0.495000 -1.887857 0.105000 151 155 154
-0.405000 -1.882500 0.135000 88 83 77
-0.400333 -1.875000 0.135000 88 83 77
-0.435000 -1.881250 0.135000 145 149 148
-0.465000 -1.889000 0.135000 149 153 154
-0.495000 -1.891667 0.135000 151 157 155
-0.405000 -1.884375 0.165000 97 93 82
-0.397683 -1.875000 0.165000 97 93 82
-0.435000 -1.883571 0.165000 139 143 142
-0.465000 -1.887857 0.165000 148 152 151
-0.495000 -1.888846 0.165000 149 153 154
-0.405000 -1.887414 0.195000 91 92 78
-0.397941 -1.875000 0.195000 91 92 78
-0.435000 -1.883571 0.195000 140 144 145
-0.465000 -1.889400 0.195000 144 148 149