0.078 -1.845
-0.422 -1.845
0.078 -1.345
-0.422 -1.345
0.578 -1.845
-0.422 -1.845
0.07800000000000001 -1.845
0.5780000000000001 -1.845
0.5780000000000001 -1.345
0.07800000000000007 -1.345
0.07800000000000007 -1.845
0.5780000000000001 -1.845
-0.9219999999999999 -1.845
-0.422 -1.345
0.578 -1.345
0.07799999999999996 -1.345
-0.42200000000000004 -1.345
-0.42200000000000004 -1.845
0.07799999999999996 -1.845
0.578 -1.845
0.07799999999999996 -1.345
-0.922 -1.845
-1.4220000000000002 -1.845
-0.9219999999999999 -1.345
-0.9219999999999999 -0.845
-0.922 -2.3449999999999998
-0.922 -1.345
-1.422 -0.845
-0.9219999999999999 -0.345
-0.42199999999999993 -0.845
-0.42199999999999993 -1.345
-0.42199999999999993 -0.845
-0.9219999999999999 -0.845
-0.42199999999999993 -0.345
0.07800000000000007 -0.345
-0.42199999999999993 -0.845
-0.42199999999999993 -1.345
-0.9219999999999999 -0.845
-0.9219999999999999 0.15500000000000003
-0.9219999999999999 -0.345
-0.9219999999999999 -1.345
-0.9219999999999999 -1.845
-0.42199999999999993 -1.845
-0.42199999999999993 0.15500000000000003
-0.42199999999999993 -0.345
-0.9219999999999999 -0.345
-1.4220000000000002 -1.345
-0.922 -0.845
-0.42200000000000004 -0.845
-0.42200000000000004 -1.345
-0.42200000000000004 -0.845
-0.922 -0.845
-0.42200000000000004 -0.345
-0.922 -0.345
-0.9219999999999999 0.655
0.07800000000000007 -0.845
-0.42199999999999993 -0.345
-0.42199999999999993 0.15500000000000003
-0.9219999999999999 0.15500000000000003
-0.42199999999999993 0.655
0.07800000000000007 0.655
0.07800000000000007 1.155
-0.42199999999999993 1.155
0.07800000000000007 1.655
-0.42199999999999993 1.155
-0.42199999999999993 0.655
-0.42199999999999993 1.155
-0.9219999999999999 1.155
-0.9219999999999999 0.655
-0.9219999999999999 0.15500000000000003
-0.9219999999999999 -0.345
-0.42199999999999993 -0.345
-0.42199999999999993 0.15500000000000003
-0.9219999999999999 0.15500000000000003
-0.9219999999999999 0.655
-0.42199999999999993 0.655
-0.42199999999999993 0.655
-0.9219999999999999 0.655
0.5780000000000001 1.655
0.5780000000000001 2.1550000000000002
0.07800000000000007 2.1550000000000002
0.07800000000000007 2.6550000000000002
0.07800000000000007 3.1550000000000002
0.5780000000000001 2.1550000000000002
0.5780000000000001 1.6550000000000002
0.07800000000000007 3.6550000000000002
0.07800000000000007 4.155
0.07800000000000007 4.655
0.07800000000000007 5.155
0.5780000000000001 3.1550000000000002
0.5780000000000001 2.6550000000000002
0.5780000000000001 3.1550000000000002
0.07800000000000007 5.655
0.5780000000000001 3.6550000000000002
0.5780000000000001 4.155
0.07800000000000007 4.155
0.07800000000000007 4.655
0.07800000000000007 5.155
0.07800000000000007 5.655
0.5780000000000001 4.655
0.5780000000000001 5.155
0.07800000000000007 6.155
-0.42199999999999993 6.155
-0.42199999999999993 6.655
-0.9219999999999999 6.655
-0.9219999999999999 7.155
-1.422 7.155
-1.922 7.155
-0.9219999999999999 6.155
-0.42199999999999993 5.655
-0.42199999999999993 6.155
-0.9219999999999999 6.155
-1.422 6.155
-1.422 5.655
-1.922 5.655
-0.9219999999999999 5.655
0.07800000000000007 6.655
0.07800000000000007 6.155
-0.42199999999999993 6.155
0.07800000000000007 6.655
-0.42199999999999993 6.655
-0.42199999999999993 6.155
-0.9219999999999999 6.155
0.5780000000000001 5.655
-0.9219999999999999 6.155
0.07800000000000007 7.155
-2.4219999999999997 5.655
0.5780000000000001 6.155
0.5780000000000001 6.155
-0.42199999999999993 6.155
-0.9219999999999999 5.655
-0.9219999999999999 6.155
-1.422 6.155
-0.42199999999999993 6.155
-0.42199999999999993 6.655
-0.9219999999999999 6.655
-1.422 6.655
-2.4219999999999997 5.155
-2.9219999999999997 5.655
-3.4219999999999997 5.655
-2.4219999999999997 6.155
-3.9219999999999997 5.655
-2.9219999999999997 6.155
-2.4219999999999997 6.655
-4.422 5.655
-2.9219999999999997 6.155
-4.422 5.155
-2.9219999999999997 6.655
-4.422 6.155
-4.922 5.655
-5.422 5.655
-3.9219999999999997 5.155
-4.922 5.155
-5.922 5.655
-5.422 6.155
-5.922 5.155
-6.422 5.655
-6.922 5.655
-6.922 5.155
-7.422 5.155
-7.422 5.655
-7.422 6.155
-6.922 5.655
-6.922 5.155
-6.422 5.155
-6.922 6.155
-5.422 5.155
-5.422 5.655
-5.422 6.155
-6.422 5.155
-6.922 6.155
-7.422 5.655
-7.422 6.155
-7.422 6.655
-7.422 7.155
-7.422 6.655
-6.922 6.655
-6.922 7.155
-6.922 6.655
-6.422 6.155
-6.422 6.655
-6.422 7.155
-6.922 7.155
-7.422 7.155
-5.922 7.155
-5.922 6.655
-6.422 6.655
-6.422 7.155
-5.422 7.155
-6.922 7.155
-7.422 6.655
-7.422 7.155
-6.922 7.155
-6.922 6.655
-6.422 7.155
-6.422 6.655
-5.422 7.655
-4.922 7.155
-4.422 7.155
-3.9219999999999997 7.155
-2.9219999999999997 7.155
-3.4219999999999997 7.155
-3.9219999999999997 7.155
-4.422 7.155
-2.9219999999999997 7.655
-2.4219999999999997 7.655
-2.4219999999999997 7.155
-1.922 6.655
-2.4219999999999997 6.655
-2.4219999999999997 7.155
-1.9219999999999997 7.155
-1.9219999999999997 6.655
-2.4219999999999997 6.655
-2.4219999999999997 7.155
-1.9219999999999997 7.155
-1.422 7.655
-0.9219999999999999 6.655
-0.9219999999999999 6.155
-1.422 6.155
-1.422 6.655
-1.922 6.655
-1.922 7.155
-3.4219999999999997 7.155
-2.9219999999999997 7.155
-1.9219999999999997 7.655
-1.9219999999999997 7.155
-2.4219999999999997 7.155
-1.9219999999999997 6.655
-2.4219999999999997 6.655
-2.4219999999999997 7.155
-1.9219999999999997 7.155
-0.42199999999999993 7.155
-0.42199999999999993 7.655
-0.42199999999999993 7.155
-0.9219999999999999 7.155
-1.422 7.155
0.07800000000000007 7.655
0.07800000000000007 8.155000000000001
0.07800000000000007 8.655000000000001
0.07800000000000007 7.655
0.07800000000000007 8.155000000000001
0.07800000000000007 8.655000000000001
0.07800000000000007 9.155000000000001
0.07800000000000007 9.655000000000001
-0.42199999999999993 9.155000000000001
-0.42199999999999993 8.155000000000001
-0.42199999999999993 8.655000000000001
-0.42199999999999993 9.155000000000001
-0.42199999999999993 9.655000000000001
0.07800000000000007 8.655000000000001
-0.42199999999999993 10.155000000000001
-0.42199999999999993 9.655000000000001
-0.42199999999999993 10.655000000000001
-0.42199999999999993 11.155000000000001
-0.42199999999999993 11.655000000000001
-0.42199999999999993 12.155000000000001
-0.42199999999999993 12.655000000000001
0.07800000000000007 12.155000000000001
0.07800000000000007 11.655000000000001
0.07800000000000007 12.155000000000001
-0.42199999999999993 13.155000000000001
-0.42199999999999993 13.655000000000001
-0.42199999999999993 14.155000000000001
-0.42199999999999993 14.655000000000001
-0.9219999999999999 14.655000000000001
-1.422 14.655000000000001
-1.422 15.155000000000001
-1.922 15.155000000000001
-2.4219999999999997 15.155000000000001
-1.922 15.655000000000001
-2.4219999999999997 15.655000000000001
-2.9219999999999997 15.655000000000001
-1.922 14.655000000000001
-2.9219999999999997 15.155000000000001
-2.4219999999999997 15.655000000000001
-1.9219999999999997 15.655000000000001
-1.9219999999999997 15.155000000000001
-2.9219999999999997 15.655000000000001
-2.4219999999999997 15.655000000000001
-2.4219999999999997 15.155000000000001
-2.9219999999999997 15.155000000000001
-3.4219999999999997 15.155000000000001
-3.4219999999999997 14.655000000000001
-3.9219999999999997 15.155000000000001
-4.422 15.155000000000001
-4.922 15.155000000000001
-5.422 15.155000000000001
-5.922 15.155000000000001
-6.422 15.155000000000001
-6.922 15.155000000000001
-7.422 15.155000000000001
-7.922 15.155000000000001
-6.422 15.655000000000001
-6.422 16.155
-6.922 14.655000000000001
-6.422 14.655000000000001
-7.922 14.655000000000001
-6.422 16.655
-8.422 15.155000000000001
-7.422 14.655000000000001
-6.422 17.155
-6.422 17.655
-5.922 17.655
-5.922 18.155
-4.922 14.655000000000001
-5.422 14.655000000000001
-5.422 15.655000000000001
-4.922 15.655000000000001
-5.922 14.655000000000001
-5.922 15.655000000000001
-5.422 15.655000000000001
-4.922 15.655000000000001
-6.422 14.655000000000001
-4.922 16.155
-5.422 14.655000000000001
-4.422 14.655000000000001
-4.422 15.155000000000001
-4.922 15.155000000000001
-4.922 15.655000000000001
-4.922 15.655000000000001
-5.422 16.155
-5.922 15.655000000000001
-5.422 16.655
-4.922 16.655
-5.422 16.155
-5.422 16.655
-5.922 16.155
-5.922 16.655
-5.922 17.155
-5.422 16.655
-4.922 17.155
-5.422 17.155
-4.922 16.655
-5.422 16.655
-5.422 17.155
-5.422 18.155
-5.422 17.655
-5.422 18.655
-5.422 17.655
-5.922 18.655
-4.922 18.155
-5.422 17.655
-5.422 18.155
-5.422 18.655
-5.922 17.655
-5.922 18.155
-5.922 18.655
-5.922 17.155
-5.922 19.155
-6.422 19.155
-5.922 19.655
-5.922 20.155
-5.422 19.155
-5.422 19.655
-6.422 20.155
-6.422 19.655
-6.422 20.655
-6.422 21.155
-6.922 21.155
-6.922 20.655
-6.422 20.655
-5.422 20.155
-5.422 20.655
-5.922 20.655
-7.422 21.155
-5.922 19.655
-5.422 20.155
-5.922 20.155
-5.922 20.655
-5.422 19.655
-6.922 21.655
-6.922 20.655
-5.922 20.655
-7.922 21.155
-8.422 21.155
-7.422 21.655
-5.422 21.155
-5.922 21.155
-5.422 21.155
-5.922 21.155
-5.422 21.155
-6.922 20.155
-5.922 20.655
-8.922 21.155
-5.922 21.155
-6.922 19.655
-4.922 21.155
-4.422 21.155
-5.922 21.155
-6.422 21.155
-3.9219999999999997 21.155
-3.4219999999999997 21.155
-2.9219999999999997 21.155
-2.9219999999999997 21.655
-2.9219999999999997 22.155
-2.4219999999999997 22.155
-2.4219999999999997 22.655
-1.9219999999999997 22.655
-1.9219999999999997 23.155
-1.4219999999999997 23.155
-1.4219999999999997 22.655
-0.9219999999999997 22.655
-0.9219999999999997 22.155
-0.9219999999999997 23.155
-0.9219999999999997 23.655
-0.9219999999999997 24.155
-0.9219999999999997 24.655
-0.9219999999999997 25.155
-0.9219999999999997 25.655
-0.9219999999999997 26.155
-0.9219999999999997 26.655
-0.9219999999999997 27.155
-0.9219999999999997 27.655
-0.9219999999999997 28.155
-0.9219999999999997 28.655
-1.4219999999999997 26.655
-0.4219999999999997 27.155
-0.4219999999999997 26.655
0.07800000000000029 27.155
-0.9219999999999997 29.155
-0.4219999999999997 27.655
-0.4219999999999997 28.155
0.07800000000000029 27.655
-0.4219999999999997 27.655
-0.4219999999999997 27.155
-0.9219999999999997 28.155
0.5780000000000003 27.655
1.0780000000000003 27.655
1.5780000000000003 27.655
1.5780000000000003 28.155
0.5780000000000003 27.155
0.07800000000000029 27.155
0.07800000000000029 27.655
1.5780000000000003 28.655
0.5780000000000003 28.155
1.0780000000000003 28.155
0.5780000000000003 28.155
0.5780000000000003 28.655
1.0780000000000003 27.155
1.0780000000000003 26.655
1.0780000000000003 27.655
0.5780000000000003 28.655
1.0780000000000003 28.655
0.5780000000000003 28.655
1.0780000000000003 28.655
1.0780000000000003 28.155
1.0780000000000003 27.655
0.5780000000000003 27.655
0.5780000000000003 28.155
0.07800000000000029 28.155
-0.4219999999999997 28.155
0.5780000000000003 26.655
0.5780000000000003 27.655
0.07800000000000029 28.155
0.5780000000000003 28.155
0.07800000000000029 28.655
0.5780000000000003 26.655
0.5780000000000003 27.155
-0.4219999999999997 28.655
0.07800000000000029 28.655
1.5780000000000003 26.655
2.0780000000000003 26.655
2.0780000000000003 27.155
1.5780000000000003 27.155
2.0780000000000003 27.655
1.0780000000000003 27.155
1.0780000000000003 27.655
2.0780000000000003 26.155
1.5780000000000003 26.155
1.5780000000000003 26.655
1.0780000000000003 26.655
1.0780000000000003 27.155
2.0780000000000003 28.155
2.0780000000000003 27.655
1.5780000000000003 27.655
1.0780000000000003 27.655
2.0780000000000003 27.155
2.0780000000000003 26.655
2.0780000000000003 25.655
2.0780000000000003 25.155
2.0780000000000003 24.655
2.0780000000000003 24.155
1.5780000000000003 24.655
1.5780000000000003 25.155
1.5780000000000003 25.655
1.5780000000000003 26.155
1.5780000000000003 26.155
1.0780000000000003 26.155
1.0780000000000003 25.655
1.0780000000000003 26.655
1.5780000000000003 25.155
1.5780000000000003 25.655
2.0780000000000003 25.655
2.0780000000000003 26.155
1.5780000000000003 26.155
1.5780000000000003 24.155
1.5780000000000003 23.655
1.5780000000000003 23.155
1.5780000000000003 22.655
2.0780000000000003 23.655
2.0780000000000003 23.155
2.0780000000000003 22.655
2.0780000000000003 23.655
2.0780000000000003 23.155
2.5780000000000003 22.655
1.0780000000000003 23.155
1.0780000000000003 23.655
2.0780000000000003 22.155
2.0780000000000003 21.655
2.0780000000000003 21.155
1.5780000000000003 21.155
1.5780000000000003 21.655
1.5780000000000003 22.155
2.0780000000000003 20.655
2.0780000000000003 20.155
1.5780000000000003 20.655
1.5780000000000003 21.155
1.5780000000000003 21.655
1.5780000000000003 22.155
1.0780000000000003 20.655
2.5780000000000003 20.155
2.0780000000000003 19.655
2.5780000000000003 19.655
2.5780000000000003 20.155
2.0780000000000003 20.155
2.0780000000000003 19.655
1.5780000000000003 19.655
1.5780000000000003 20.155
1.5780000000000003 20.655
2.0780000000000003 20.655
2.0780000000000003 21.155
1.5780000000000003 19.655
3.0780000000000003 19.655
3.5780000000000003 19.655
3.5780000000000003 19.155
4.078 19.155
4.078 18.655
4.078 19.655
2.0780000000000003 20.155
1.5780000000000003 19.155
1.5780000000000003 18.655
2.0780000000000003 18.655
2.0780000000000003 18.155
2.0780000000000003 17.655
2.0780000000000003 17.155
2.5780000000000003 17.155
1.5780000000000003 18.155
1.5780000000000003 18.655
1.5780000000000003 17.655
1.5780000000000003 18.155
2.0780000000000003 16.655
2.0780000000000003 19.155
3.0780000000000003 17.155
2.5780000000000003 19.155
2.0780000000000003 19.655
1.5780000000000003 19.155
1.5780000000000003 19.655
3.0780000000000003 16.655
2.0780000000000003 16.155
1.5780000000000003 16.655
1.5780000000000003 17.155
1.5780000000000003 17.655
1.5780000000000003 18.155
1.0780000000000003 17.155
1.0780000000000003 17.655
2.5780000000000003 16.655
2.5780000000000003 17.155
2.0780000000000003 15.655000000000001
1.0780000000000003 16.655
1.0780000000000003 17.155
2.0780000000000003 15.155000000000001
1.5780000000000003 15.155000000000001
1.5780000000000003 15.655000000000001
2.0780000000000003 14.655000000000001
1.5780000000000003 15.655000000000001
1.5780000000000003 16.155
1.5780000000000003 16.155
2.0780000000000003 16.155
2.0780000000000003 16.655
2.0780000000000003 14.155000000000001
2.0780000000000003 13.655000000000001
2.0780000000000003 13.155000000000001
0.5780000000000001 9.655000000000001
1.078 9.655000000000001
1.578 9.655000000000001
2.0780000000000003 9.655000000000001
2.0780000000000003 10.155000000000001
2.5780000000000003 10.155000000000001
2.5780000000000003 10.655000000000001
2.0780000000000003 10.655000000000001
2.0780000000000003 11.155000000000001
2.0780000000000003 11.655000000000001
1.5780000000000003 10.655000000000001
2.5780000000000003 11.655000000000001
2.5780000000000003 9.655000000000001
2.0780000000000003 12.655000000000001
2.0780000000000003 12.155000000000001
2.0780000000000003 11.655000000000001
2.5780000000000003 13.655000000000001
1.5780000000000003 11.655000000000001
1.5780000000000003 12.155000000000001
1.5780000000000003 12.655000000000001
2.5780000000000003 12.155000000000001
1.0780000000000003 12.655000000000001
1.0780000000000003 12.155000000000001
2.0780000000000003 10.655000000000001
2.5780000000000003 11.155000000000001
2.5780000000000003 10.655000000000001
2.5780000000000003 9.655000000000001
2.5780000000000003 9.155000000000001
2.0780000000000003 9.155000000000001
2.0780000000000003 9.655000000000001
2.5780000000000003 9.655000000000001
2.5780000000000003 9.155000000000001
2.0780000000000003 9.155000000000001
2.0780000000000003 8.655000000000001
2.5780000000000003 8.655000000000001
2.0780000000000003 8.155000000000001
1.5780000000000003 8.155000000000001
1.5780000000000003 8.655000000000001
2.0780000000000003 7.655000000000001
2.0780000000000003 7.155000000000001
2.5780000000000003 8.655000000000001
2.5780000000000003 8.155000000000001
2.0780000000000003 8.155000000000001
2.0780000000000003 8.655000000000001
2.5780000000000003 7.655000000000001
2.5780000000000003 8.155000000000001
2.5780000000000003 8.655000000000001
2.5780000000000003 7.155000000000001
1.5780000000000003 7.655000000000001
1.5780000000000003 8.155000000000001
1.5780000000000003 8.655000000000001
2.0780000000000003 8.655000000000001
2.5780000000000003 6.655000000000001
2.0780000000000003 6.655000000000001
2.0780000000000003 7.155000000000001
1.5780000000000003 7.155000000000001
1.5780000000000003 6.655000000000001
2.5780000000000003 9.155000000000001
2.0780000000000003 8.655000000000001
2.0780000000000003 9.155000000000001
1.5780000000000003 7.155000000000001
1.5780000000000003 7.655000000000001
1.5780000000000003 8.155000000000001
2.5780000000000003 6.155000000000001
2.5780000000000003 5.655000000000001
2.5780000000000003 5.155000000000001
2.0780000000000003 5.155000000000001
2.0780000000000003 5.655000000000001
2.0780000000000003 6.155000000000001
2.0780000000000003 6.655000000000001
2.0780000000000003 7.155000000000001
2.0780000000000003 6.155000000000001
2.0780000000000003 6.655000000000001
2.0780000000000003 5.655000000000001
2.0780000000000003 6.155000000000001
2.5780000000000003 4.655000000000001
2.5780000000000003 4.155000000000001
2.5780000000000003 3.655000000000001
2.0780000000000003 4.155000000000001
2.0780000000000003 4.655000000000001
2.5780000000000003 4.655000000000001
2.5780000000000003 5.155000000000001
1.5780000000000003 4.155000000000001
1.5780000000000003 4.655000000000001
2.0780000000000003 4.655000000000001
2.0780000000000003 5.155000000000001
2.0780000000000003 5.655000000000001
1.5780000000000003 4.655000000000001
2.0780000000000003 5.155000000000001
2.5780000000000003 5.155000000000001
2.5780000000000003 5.655000000000001
2.0780000000000003 3.655000000000001
2.0780000000000003 4.155000000000001
2.5780000000000003 3.155000000000001
2.5780000000000003 2.655000000000001
2.0780000000000003 2.655000000000001
2.0780000000000003 3.155000000000001
2.5780000000000003 3.155000000000001
2.5780000000000003 3.655000000000001
2.5780000000000003 4.155000000000001
2.0780000000000003 3.155000000000001
2.5780000000000003 2.155000000000001
2.5780000000000003 1.6550000000000011
2.5780000000000003 1.1550000000000011
2.5780000000000003 0.6550000000000011
2.0780000000000003 2.155000000000001
2.0780000000000003 1.6550000000000011
2.0780000000000003 3.655000000000001
2.0780000000000003 4.155000000000001
1.5780000000000003 3.155000000000001
1.5780000000000003 3.655000000000001
2.5780000000000003 0.15500000000000114
2.5780000000000003 -0.34499999999999886
2.0780000000000003 -0.34499999999999886
2.0780000000000003 0.15500000000000114
2.0780000000000003 0.6550000000000011
2.0780000000000003 1.1550000000000011
3.0780000000000003 0.15500000000000114
3.0780000000000003 -0.34499999999999886
2.5780000000000003 -0.8449999999999989
2.0780000000000003 -0.8449999999999989
2.0780000000000003 -1.3449999999999989
2.0780000000000003 -0.34499999999999886
2.5780000000000003 -1.3449999999999989
3.0780000000000003 -1.3449999999999989
3.0780000000000003 -0.34499999999999886
3.0780000000000003 -0.8449999999999989
3.0780000000000003 -1.3449999999999989
3.0780000000000003 -0.34499999999999886
2.5780000000000003 -0.34499999999999886
2.5780000000000003 -1.8449999999999989
2.0780000000000003 -1.3449999999999989
2.0780000000000003 -0.8449999999999989
3.0780000000000003 -1.8449999999999989
3.0780000000000003 -2.344999999999999
3.0780000000000003 -2.844999999999999
1.5780000000000003 -1.3449999999999989
1.5780000000000003 -0.8449999999999989
2.0780000000000003 -1.8449999999999989
1.5780000000000003 -1.8449999999999989
1.5780000000000003 -1.3449999999999989
2.0780000000000003 -2.344999999999999
1.5780000000000003 -2.344999999999999
1.5780000000000003 -1.8449999999999989
2.0780000000000003 -1.8449999999999989
2.0780000000000003 -1.3449999999999989
2.5780000000000003 -2.344999999999999
2.5780000000000003 -1.8449999999999989
2.5780000000000003 -1.3449999999999989
3.0780000000000003 -2.344999999999999
2.5780000000000003 -2.844999999999999
2.5780000000000003 -2.344999999999999
2.5780000000000003 -1.8449999999999989
2.5780000000000003 -3.344999999999999
2.0780000000000003 -3.344999999999999
2.0780000000000003 -3.844999999999999
1.5780000000000003 -3.844999999999999
1.0780000000000003 -3.844999999999999
1.5780000000000003 -2.844999999999999
1.0780000000000003 -2.844999999999999
1.0780000000000003 -2.344999999999999
1.0780000000000003 -1.8449999999999989
1.0780000000000003 -1.3449999999999989
0.5780000000000003 -1.8449999999999989
1.0780000000000003 -3.344999999999999
0.5780000000000003 -3.344999999999999
0.5780000000000003 -2.844999999999999
1.0780000000000003 -2.844999999999999
0.5780000000000003 -2.344999999999999
1.0780000000000003 -2.344999999999999
0.5780000000000003 -1.8449999999999989
1.0780000000000003 -2.344999999999999
0.07800000000000029 -2.844999999999999
0.07800000000000029 -1.8449999999999989
0.07800000000000029 -3.344999999999999
2.0780000000000003 -4.344999999999999
2.0780000000000003 -1.8449999999999989
2.0780000000000003 -1.3449999999999989
1.5780000000000003 -4.344999999999999
2.5780000000000003 -3.844999999999999
2.5780000000000003 -2.344999999999999
2.5780000000000003 -1.8449999999999989
3.0780000000000003 -3.844999999999999
1.5780000000000003 -0.8449999999999989
0.5780000000000003 -2.344999999999999
0.5780000000000003 -1.8449999999999989
1.078 -1.845
0.5780000000000001 -2.3449999999999998
1.078 -2.3449999999999998
1.0780000000000003 -1.3449999999999989
1.0780000000000003 -1.8449999999999989
1.0780000000000003 -1.8449999999999989
2.5780000000000003 -4.344999999999999
3.5780000000000003 -3.844999999999999
3.0780000000000003 -4.344999999999999
0.5780000000000001 1.1550000000000002
0.07800000000000007 1.1550000000000002
0.07800000000000007 0.6550000000000002
0.5780000000000001 0.6550000000000002
1.078 1.655
1.078 1.155
0.5780000000000001 1.155
1.578 1.655
1.078 0.655
-0.42199999999999993 1.655
-0.42199999999999993 2.6550000000000002
-0.42199999999999993 3.1550000000000002
